GRASP_Subdivisions V.11.05c    Instrument:  ILL_d22_2D_2026 
  
***** Sample, Backgrounds and Transmissions Data: ***** 
Subtitle:  PSS 67K D2O 1mM Ca 
Start: 28-Jul-26  01:42:31   End: 28-Jul-26  02:07:32 
  
Foreground:  362054 , Loaded: 362051:362057,362080,362083{3} 
Background:  362079 , Loaded: 362079 
Blocked Beam:  361976 , Loaded: 361976 
  
Beam Centre1 [x, y]:  [64.7, 131]  :  Cm Translation:  [-0.06, 0] [mm]  :  ROI: [1  128    1  256]  :  Numor #361634 
Beam Centre2 [x, y]:  [47, 125]  :  Cm Translation:  [8.43, 0] [mm]  :  ROI: [1   96    1  256]  :  Numor #0 
Transmissions:  Ts = 0.83116 +/- 0.0012872  Te = 0.94895 +/- 0.0022974 
Transmission Numors: Ts:  #362054/ #362079;  ROI:  62   67  124  139 
Transmission Numors: Te:  #362079/ #361975;  ROI:  62   67  124  139 
Transmissions Thickness Correction is:  on 
Applying standard SANS data reduction:  I_corr = 1/[Ts Te] [I_s - I_cd]  - 1/[Te] [I_bck - I_cd] 
  
***** Calibrations: ***** 
Data: Corrected for D22 Detector Parallax 
Data: Corrected for Detector Efficiency 
Data: Corrected for Relative Detector Efficiency (variation between detector panels) 
Data: Divided by Volume 
Sample Thickness is: 0.2 [cm] 
Solid Angle Correction: 
Divide data by Empty Beam Flux, I0, from worksheet: I0 Beam Intensity 4 2 
I0 Numor #361309   ROI: 1  128    1  256    1 
Applying Default Instrument Mask 
Applying User Defined Mask 
Applying NanInf Mask 
Intensity units are:  cm-1 \\ \Delta\Omega  
  
***** Instrument Setup Parameters ***** 
Sample-Det(detcalc)1 Dist (m): 17.593 
Sample-Det(detcalc)2 Dist (m): 1.408 
Collimation (m): 17.6 
Wavelength: 6, Delta Wav: 0.105 
SAN: 0 (degrees) 
PHI: 0 (degrees) 
Sample Temperature: 328.15 
Total Det Counts: 1042216 
Total Monitor Counts: 3249983 
  
***** Analysis: I vs Q ***** 
Merge IQ: Single file 
Numor: 362054      Det1: 17.604     PSS 67K D2O 1mM Ca 
Averaging I vs. Q.  Bin size:  5 [Fractional Resolution]  linear 
 
 
***** Data ***** 
Mod_Q	I	Err_I	Sigma_Q	
 
 
0.00264865	-0.150859	0.169197	0.000739282
0.00313229	0.155198	0.0841147	0.00074643
0.00354542	0.102178	0.042702	0.000752286
0.00401069	0.0964379	0.0296747	0.000756663
0.00446968	0.0949512	0.0223463	0.000761361
0.00488533	0.128672	0.0209581	0.000761143
0.00530743	0.0904073	0.015589	0.000771115
0.0057434	0.100217	0.0141742	0.000773982
0.00619643	0.0899914	0.011138	0.000786007
0.00669203	0.0949921	0.0100597	0.000790729
0.00719461	0.0886658	0.00876592	0.000801591
0.00769669	0.0966444	0.00844417	0.000807032
0.00818169	0.0818325	0.00781967	0.000815972
0.00868105	0.099162	0.00647375	0.000827878
0.00917403	0.0918639	0.00673705	0.000834987
0.00961906	0.096987	0.00725008	0.00084183
0.0100978	0.0881019	0.00608415	0.000856887
0.0105765	0.0892307	0.0063206	0.000862573
0.0110119	0.0808887	0.00600694	0.00087243
0.0114749	0.0852398	0.00537173	0.000885722
0.0119434	0.0824668	0.00546007	0.000896841
0.0124049	0.091406	0.0049284	0.000908327
0.0129059	0.07521	0.00503861	0.000923713
0.0134228	0.0839277	0.00469219	0.000936885
0.013949	0.0887034	0.00429345	0.000950899
0.0144572	0.0860408	0.00487825	0.000962513
0.0149535	0.0850515	0.0044895	0.000978538
0.0154695	0.0884937	0.00432716	0.000993299
0.0159757	0.0880029	0.00437955	0.00100788
0.0164754	0.0870868	0.00416144	0.00102026
0.0169829	0.0840958	0.00413094	0.0010376
0.0175391	0.0865023	0.00373975	0.00105675
0.018093	0.0881829	0.00411328	0.00107159
0.0186567	0.0868269	0.00349125	0.00109148
0.0192327	0.0856808	0.00366249	0.00110723
0.0197754	0.0889339	0.00360471	0.00112483
0.0203216	0.0850213	0.00379059	0.00114255
0.0208929	0.0887872	0.00358821	0.00116335
0.0215166	0.0877604	0.00308464	0.00118651
0.022164	0.0907767	0.00318969	0.00120832
0.0227928	0.0894584	0.0029772	0.00122942
0.0234378	0.0873488	0.00293748	0.00125397
0.0240812	0.0866206	0.00308588	0.00127387
0.0247269	0.0904493	0.00288273	0.00129868
0.0253901	0.087526	0.00294364	0.00131953
0.0260513	0.0895505	0.00285703	0.00134544
0.0267314	0.0912739	0.00274452	0.00136989
0.0274363	0.089006	0.00260676	0.00139639
0.0281352	0.0891766	0.00266545	0.0014204
0.0288403	0.0927197	0.00274248	0.00144967
0.0295881	0.0929606	0.00269763	0.00147836
0.0303145	0.0938782	0.00304153	0.00150241
0.0310251	0.0931563	0.00311778	0.00152986
0.0317657	0.0929812	0.00333712	0.00155861
0.0325274	0.0924862	0.00359915	0.00158832
0.0332962	0.0907038	0.00387377	0.00161851
0.0340862	0.0896392	0.00392204	0.0016497
0.0348895	0.0964722	0.0044991	0.00168154
0.035696	0.0934357	0.00471152	0.00171068
0.0365135	0.0935628	0.00508794	0.00174496
0.0373601	0.0935038	0.00582002	0.00177581
0.0382274	0.102429	0.00569825	0.0018107
0.0390999	0.0975818	0.00601064	0.00184743
0.0399445	0.11305	0.00944354	0.00188351
0.0407929	0.101406	0.010964	0.00192029
0.0416309	0.108067	0.0196785	0.00202553
0.0429386	0.0983217	0.00286364	0.00239636
0.0447737	0.101073	0.00179254	0.00246185
0.0459051	0.103992	0.00209798	0.00249998
0.0474476	0.107846	0.00213845	0.00254873
0.0492482	0.10629	0.00212073	0.00260945
0.0506059	0.111352	0.00144985	0.00266199
0.0523742	0.113371	0.00191196	0.00272882
0.0540242	0.115605	0.00201929	0.00279458
0.0556821	0.120398	0.00130701	0.00286034
0.057553	0.124006	0.0016506	0.00291518
0.0591684	0.128794	0.0020919	0.00297784
0.0606974	0.132038	0.00132615	0.00303605
0.0623631	0.13873	0.00160143	0.00310046
0.0641954	0.140635	0.00161677	0.00317272
0.0660319	0.140967	0.00129826	0.00326033
0.0677768	0.148807	0.0014901	0.00332139
0.0696168	0.152156	0.00161653	0.00339319
0.071462	0.158231	0.00122202	0.00346491
0.0733615	0.164966	0.00146211	0.0035392
0.07549	0.165999	0.00135787	0.00364002
0.0773622	0.170766	0.00118915	0.00371274
0.0795342	0.172631	0.00138435	0.00379965
0.0815966	0.174468	0.0012442	0.00389003
0.0833916	0.176825	0.00125491	0.00395873
0.085569	0.176985	0.00128181	0.00404582
0.0876856	0.178015	0.00107123	0.00414594
0.0899629	0.172652	0.0012017	0.00423783
0.09225	0.174562	0.00109035	0.00434641
0.09428	0.173016	0.00110771	0.00442657
0.0967398	0.169126	0.0010642	0.00452762
0.0988479	0.166752	0.000987236	0.00462795
0.101313	0.163713	0.00103167	0.00472976
0.103672	0.160036	0.000902945	0.00484262
0.106171	0.155421	0.000942359	0.00494649
0.108766	0.15012	0.000829779	0.00507121
0.111201	0.146857	0.000907863	0.00517953
0.11381	0.14331	0.000797723	0.00528952
0.116343	0.140477	0.000805827	0.00541222
0.119077	0.135761	0.000773455	0.00552935
0.121568	0.132669	0.000762315	0.00565096
0.124505	0.128853	0.000679607	0.00579496
0.127275	0.1272	0.000716571	0.0059153
0.130209	0.122911	0.000645513	0.00606008
0.133032	0.119752	0.000677218	0.0061847
0.135993	0.117379	0.000603555	0.00633234
0.139022	0.11466	0.000638636	0.00648383
0.142017	0.112987	0.000566352	0.00661885
0.145362	0.11183	0.000576774	0.00678756
0.148362	0.109344	0.000567738	0.00694008
0.151746	0.10866	0.000526479	0.00709822
0.15499	0.105754	0.000543057	0.00726483
0.158344	0.104314	0.000500329	0.00743804
0.161934	0.103066	0.000489634	0.0076251
0.165257	0.101543	0.000506736	0.00778513
0.168864	0.0995582	0.000451799	0.00797565
0.172595	0.0985997	0.000466515	0.00817362
0.176153	0.0971694	0.000441501	0.00835005
0.180049	0.0954026	0.000425912	0.00855939
0.183971	0.0942639	0.000419781	0.00877204
0.187737	0.0938224	0.000422498	0.00897808
0.191735	0.0919293	0.000388243	0.00918297
0.19592	0.0906842	0.000387873	0.00941379
0.200094	0.0893548	0.000375752	0.00964896
0.20418	0.089075	0.000378238	0.00988201
0.208482	0.0874109	0.000351652	0.0101167
0.213008	0.0867809	0.000347457	0.0103665
0.217504	0.0854101	0.000342199	0.0106267
0.222041	0.0841136	0.000329927	0.0108914
0.226599	0.0825324	0.000327588	0.0111606
0.231356	0.082432	0.000309389	0.0114452
0.236287	0.0808852	0.00030433	0.0117331
0.241255	0.0799255	0.000296654	0.012039
0.246271	0.0793702	0.000291075	0.0123502
0.251405	0.0778785	0.000281096	0.0126676
0.256648	0.0768158	0.00027516	0.0129903
0.262002	0.07602	0.000266923	0.0133158
0.267451	0.0746721	0.000262489	0.0136644
0.272962	0.0737549	0.000255351	0.014022
0.278637	0.0731733	0.00024624	0.0143961
0.284377	0.0723767	0.000245162	0.0147789
0.290254	0.0712358	0.000232882	0.0151746
0.296299	0.0706264	0.000230945	0.0155843
0.302361	0.0697806	0.00022501	0.016009
0.308577	0.069417	0.000222233	0.0164447
0.314899	0.0680326	0.000221258	0.016886
0.321287	0.0678113	0.00021822	0.0173382
0.327935	0.0671868	0.000211267	0.017818
0.334785	0.0664623	0.000213807	0.0183225
0.341695	0.0656575	0.000212787	0.018837
0.348669	0.0648123	0.000215357	0.0193576
0.355746	0.0647196	0.000211645	0.0199007
0.363078	0.0640636	0.000206299	0.0204741
0.370539	0.0626255	0.000208561	0.0210695
0.378109	0.0627255	0.000205258	0.0216741
0.385888	0.061961	0.000200669	0.0222909
0.393799	0.0619791	0.000203601	0.0229364
0.40189	0.0612181	0.000196772	0.0236186
0.410079	0.0606	0.000200361	0.024324
0.418466	0.0599918	0.000192705	0.0250435
0.427013	0.0598261	0.0001958	0.0257752
0.435774	0.0592292	0.000189088	0.026529
0.444676	0.0590987	0.000191907	0.0273087
0.453659	0.058658	0.000186239	0.0281102
0.463042	0.0585655	0.000184778	0.0289637
0.472468	0.0578703	0.00018438	0.0298383
0.481925	0.0577065	0.000182973	0.0307338
0.491775	0.0569882	0.000177183	0.0316864
0.501928	0.0573048	0.000177322	0.0326837
0.512191	0.0568579	0.000176514	0.0336475
0.522633	0.0563913	0.000173997	0.0346447
0.533283	0.0562578	0.000173261	0.0356826
0.544106	0.0563423	0.00017232	0.0367556
0.555153	0.0557885	0.000169745	0.0378701
0.566077	0.0558631	0.000178059	0.0389844
0.577608	0.0562001	0.000212001	0.0401466
0.589366	0.0558902	0.000245231	0.0413609
0.601283	0.0558753	0.000287206	0.0426642
0.613333	0.0561776	0.000353717	0.0440098
0.625255	0.0550786	0.000500191	0.0453384
0.636162	0.0558363	0.00112718	0.0465266
