GRASP_Subdivisions V.11.05c    Instrument:  ILL_d22_2D_2026 
  
***** Sample, Backgrounds and Transmissions Data: ***** 
Subtitle:  PSS 67K D2O 24mM Ca  
Start: 28-Jul-26  17:50:53   End: 28-Jul-26  18:15:53 
  
Foreground: Sum 362130 , Loaded: 362130 
Background: Sum 362129 , Loaded: 362129 
Blocked Beam: Sum 362128 , Loaded: 362128 
  
Beam Centre1 [x, y]:  [64.8, 131]  :  Cm Translation:  [-0.06, 0] [mm]  :  ROI: [1  128    1  256]  :  Numor #362102 
Beam Centre2 [x, y]:  [47, 123]  :  Cm Translation:  [8.74, 0] [mm]  :  ROI: [1   96    1  256]  :  Numor #0 
Transmissions:  Ts = 0.83313 +/- 0.0012795  Te = 0.94902 +/- 0.0022773 
Transmission Numors: Ts:  #362130/ #362129;  ROI:  61   67  123  140 
Transmission Numors: Te:  #362129/ #362127;  ROI:  61   67  123  140 
Transmissions Thickness Correction is:  on 
Applying standard SANS data reduction:  I_corr = 1/[Ts Te] [I_s - I_cd]  - 1/[Te] [I_bck - I_cd] 
  
***** Calibrations: ***** 
Data: Corrected for D22 Detector Parallax 
Data: Corrected for Detector Efficiency 
Data: Corrected for Relative Detector Efficiency (variation between detector panels) 
Data: Divided by Volume 
Sample Thickness is: 0.2 [cm] 
Solid Angle Correction: 
Divide data by Empty Beam Flux, I0, from worksheet: I0 Beam Intensity 1 2 
I0 Numor #362099   ROI: 55   70  108  150    1 
Applying Default Instrument Mask 
Applying User Defined Mask 
Applying NanInf Mask 
Intensity units are:  cm-1 \\ \Delta\Omega  
  
***** Instrument Setup Parameters ***** 
Sample-Det(detcalc)1 Dist (m): 17.593 
Sample-Det(detcalc)2 Dist (m): 1.412 
Collimation (m): 17.6 
Wavelength: 6, Delta Wav: 0.105 
SAN: 0 (degrees) 
PHI: 0 (degrees) 
Sample Temperature: 313.15 
Total Det Counts: 1098897 
Total Monitor Counts: 3245246 
  
***** Analysis: I vs Q ***** 
Merge IQ: Single file 
Numor: 362130      Det1: 17.604     PSS 67K D2O 24mM Ca  
Averaging I vs. Q.  Bin size:  5 [Fractional Resolution]  log10 
 
 
***** Data ***** 
Mod_Q	I	Err_I	Sigma_Q	
 
 
0.00268398	0.0523973	0.141756	0.000786781
0.00310105	0.0627779	0.0807196	0.000850465
0.0034853	0.286002	0.0470009	0.000890264
0.00389126	0.202781	0.0332396	0.000890468
0.00434406	0.17544	0.0231114	0.000900875
0.00482815	0.155738	0.0187545	0.000903611
0.00530738	0.141153	0.0152023	0.000909077
0.00579462	0.121614	0.0122245	0.0009139
0.00628206	0.157461	0.0108706	0.000919485
0.00674573	0.139826	0.0102646	0.000926675
0.00717664	0.136301	0.00933645	0.000925468
0.0076353	0.125237	0.00787121	0.000941645
0.0080989	0.114624	0.00772468	0.000944103
0.00852763	0.119219	0.00738165	0.000948896
0.0089602	0.117679	0.0070026	0.000958938
0.00939005	0.122816	0.00647432	0.000967
0.00982993	0.125274	0.00623839	0.000974805
0.010314	0.123	0.00538367	0.000987338
0.0108345	0.110456	0.00507545	0.00099669
0.0113607	0.123714	0.00484996	0.00100551
0.0118909	0.121928	0.00479712	0.00101967
0.0123877	0.117739	0.00478216	0.0010267
0.012878	0.126959	0.00442615	0.00104157
0.0133997	0.122219	0.00429316	0.00105362
0.0139397	0.124667	0.00408342	0.00106633
0.0144884	0.121049	0.00391471	0.00107921
0.0150256	0.115762	0.0039979	0.00109322
0.015545	0.115327	0.00389024	0.00110586
0.0160498	0.117809	0.00383758	0.00111768
0.0165692	0.118757	0.00361057	0.00113058
0.0170945	0.119222	0.00359226	0.00114652
0.01761	0.124133	0.00355447	0.00116155
0.0181314	0.123476	0.00353322	0.0011767
0.0187	0.121027	0.00316835	0.00119551
0.0193115	0.122799	0.00317144	0.00121505
0.0199283	0.122618	0.00300725	0.00123128
0.0205192	0.126527	0.00316144	0.00124678
0.0211128	0.124191	0.00290992	0.00126726
0.0217447	0.124766	0.00289464	0.00128763
0.0223714	0.122946	0.0028589	0.00130812
0.0229967	0.12532	0.00279118	0.00132613
0.023652	0.121827	0.00263282	0.00134967
0.0242984	0.129201	0.00273386	0.00137002
0.024939	0.125028	0.00261608	0.00138971
0.0256202	0.127915	0.00249961	0.00141435
0.0263153	0.126989	0.00250747	0.00143776
0.0269889	0.128586	0.00254735	0.00145693
0.0276771	0.128728	0.00237928	0.00148561
0.028396	0.134894	0.00248446	0.00150185
0.0291226	0.127544	0.00246058	0.00152293
0.0298519	0.127215	0.0025726	0.00153888
0.0305705	0.131491	0.00257879	0.00156413
0.0313323	0.136517	0.00296527	0.00160185
0.0320896	0.134922	0.00309778	0.00162959
0.0328494	0.131335	0.00331706	0.00165774
0.0336142	0.1399	0.00354897	0.00168509
0.0344043	0.137018	0.00369749	0.00171439
0.0352131	0.135135	0.00407175	0.00174403
0.0360376	0.130193	0.00424801	0.00178334
0.0368769	0.139403	0.00466664	0.00180991
0.0377302	0.146744	0.00520259	0.00184077
0.0385939	0.134309	0.00583857	0.00187179
0.0394525	0.143294	0.00662875	0.00191787
0.0403237	0.154276	0.00888132	0.00195664
0.0411754	0.135868	0.0149776	0.00200826
0.0426521	0.144508	0.00339959	0.00299747
0.0443827	0.145784	0.00224607	0.00305001
0.0454897	0.153476	0.00229239	0.00308288
0.0469714	0.15168	0.00270102	0.00312373
0.0484804	0.155247	0.00275241	0.00317891
0.0500272	0.153506	0.00167841	0.00322284
0.0517553	0.156094	0.00203535	0.00326999
0.0534632	0.158383	0.00233407	0.00333187
0.0550752	0.160069	0.00164127	0.00337639
0.0566803	0.160341	0.00178186	0.00343168
0.0584222	0.161722	0.00206092	0.00348797
0.060189	0.1634	0.00150381	0.00353841
0.0616924	0.165393	0.0018071	0.0035881
0.0634202	0.167603	0.00174222	0.00364825
0.0653699	0.169238	0.00145039	0.0037119
0.0670798	0.170553	0.0014935	0.00376455
0.0689991	0.167526	0.00168332	0.00383172
0.0708851	0.169638	0.00128156	0.00389215
0.0727142	0.168867	0.00147953	0.00396829
0.074644	0.165507	0.00146871	0.00403542
0.076539	0.169642	0.00118606	0.00408704
0.0785872	0.167246	0.00136185	0.00416751
0.0807452	0.165294	0.0012189	0.00425172
0.0825766	0.166283	0.00119743	0.00430803
0.0846979	0.16519	0.00127131	0.0043823
0.0868177	0.164228	0.00107635	0.0044653
0.0890037	0.160256	0.00110106	0.00454206
0.0914509	0.160255	0.0010487	0.00463757
0.0934972	0.156754	0.00103835	0.00470955
0.0957129	0.154229	0.00113189	0.00480338
0.097967	0.15168	0.000866064	0.00487541
0.100405	0.14991	0.00104781	0.00497773
0.10276	0.146761	0.000862208	0.00506236
0.105108	0.143761	0.00093253	0.00516379
0.107736	0.143449	0.000819008	0.00525175
0.110122	0.139972	0.000864071	0.00534334
0.112809	0.135217	0.000790223	0.00544096
0.115241	0.133509	0.000785393	0.00554634
0.118079	0.130846	0.000739861	0.00564221
0.120605	0.129659	0.000744806	0.00574778
0.123507	0.126839	0.000700505	0.00587405
0.126107	0.125672	0.000707587	0.005968
0.129056	0.123042	0.000662124	0.0060824
0.131788	0.120391	0.000658394	0.00620158
0.13493	0.119376	0.000606051	0.00631846
0.137836	0.115715	0.000642756	0.0064437
0.140902	0.114169	0.000570617	0.00655851
0.143964	0.111005	0.000607521	0.00668887
0.147013	0.111892	0.00053971	0.00681029
0.150517	0.108029	0.000534089	0.00696012
0.153682	0.105751	0.000534929	0.00707912
0.157051	0.10501	0.000508376	0.00722445
0.160419	0.10355	0.00051056	0.00736788
0.163828	0.101732	0.000468409	0.00748889
0.167577	0.100005	0.000465874	0.00764817
0.17099	0.0991775	0.000482827	0.00779535
0.1746	0.0973763	0.000428847	0.00794897
0.178562	0.0961096	0.000428286	0.0081047
0.182343	0.095385	0.000431115	0.0082631
0.186105	0.0937714	0.000406906	0.00841795
0.190196	0.0921089	0.000391629	0.00859452
0.194262	0.0909868	0.000394851	0.00875016
0.198189	0.0894054	0.000383552	0.00892082
0.202391	0.0881735	0.000360033	0.0091014
0.206809	0.0876131	0.000354849	0.00927426
0.211245	0.0863801	0.000344666	0.00944969
0.215642	0.0851146	0.000344349	0.00963509
0.220066	0.084148	0.000329481	0.00981637
0.224687	0.0832778	0.000322082	0.010017
0.229439	0.0822135	0.000310511	0.0102195
0.234331	0.0805875	0.000301018	0.0104128
0.239265	0.0793611	0.000296608	0.0106267
0.244243	0.0785678	0.000288223	0.0108403
0.249333	0.0780521	0.000280452	0.0110575
0.254516	0.0762586	0.000273373	0.0112828
0.259716	0.0761592	0.000270754	0.0114907
0.264992	0.0751058	0.000262233	0.0117022
0.270461	0.0740491	0.000253187	0.0119404
0.276041	0.0738172	0.000249111	0.0121823
0.281776	0.0723747	0.000238955	0.0124297
0.287705	0.071509	0.000232126	0.012681
0.293754	0.0708342	0.00022766	0.0129273
0.299846	0.070073	0.000224109	0.0131915
0.306065	0.0694811	0.000221619	0.01346
0.312337	0.0685983	0.000221162	0.0137266
0.318694	0.0674314	0.000215958	0.0140023
0.325263	0.0669206	0.000212198	0.0142769
0.331873	0.0665221	0.000213517	0.0145635
0.338704	0.0658315	0.000206866	0.0148592
0.34573	0.0648744	0.000209432	0.0151419
0.352818	0.064324	0.00020765	0.0154479
0.360023	0.0637728	0.000207655	0.015761
0.36743	0.0631361	0.000200515	0.0160824
0.375022	0.0625364	0.000203694	0.0164109
0.382711	0.0622483	0.00019999	0.0167422
0.390516	0.0614076	0.000198512	0.017075
0.398465	0.0608592	0.000198014	0.0174205
0.406606	0.0604487	0.000192815	0.0177641
0.414911	0.0598	0.000194193	0.0181067
0.423436	0.0593791	0.000187762	0.0184755
0.432048	0.059203	0.000192686	0.0188466
0.440832	0.0592054	0.000183966	0.0192202
0.450004	0.0586026	0.000185145	0.0196184
0.459042	0.0578302	0.000185236	0.0200106
0.468396	0.0579041	0.000178955	0.0204163
0.478094	0.0576712	0.000178963	0.0208364
0.487846	0.0571947	0.0001781	0.0212583
0.497571	0.0571556	0.000179441	0.021678
0.507587	0.0564443	0.000173093	0.0220906
0.518035	0.0565704	0.000172103	0.0225406
0.528643	0.0563215	0.000170911	0.0230007
0.539409	0.0562426	0.00017012	0.0234675
0.550338	0.0557646	0.000168213	0.0239411
0.561435	0.0555167	0.000167542	0.0244216
0.572758	0.0556472	0.000200186	0.0249107
0.584454	0.0554053	0.000230754	0.0254051
0.596286	0.0556051	0.000270301	0.0259091
0.608213	0.0557629	0.000325538	0.0264261
0.620178	0.0554974	0.000432667	0.0269291
0.63215	0.0546678	0.000741485	0.0274475
0.641264	0.052121	0.00286001	0.0278419
