GRASP_Subdivisions V.11.06a    Instrument:  ILL_d22_2D_2026 
  
***** Sample, Backgrounds and Transmissions Data: ***** 
Subtitle:  PSS 67K 70mM Ca 
Start: 31-Jul-26  20:51:49   End: 31-Jul-26  21:51:49 
  
Foreground:  362692 , Loaded: 362672{2},362689+362691,362690+362692,362693 
Background:  362671 , Loaded: 362671 
Blocked Beam:  362670 , Loaded: 362670 
  
Beam Centre1 [x, y]:  [64.5, 132]  :  Cm Translation:  [-0.06, 0] [mm]  :  ROI: [1  128    1  256]  :  Numor #362648 
Beam Centre2 [x, y]:  [47, 125]  :  Cm Translation:  [8.64, 0] [mm]  :  ROI: [1   96    1  256]  :  Numor #0 
Transmissions:  Ts = 0.82296 +/- 0.00095346  Te = 0.94953 +/- 0.0027235 
Transmission Numors: Ts:  #362692/ #362671;  ROI:  62   67  124  139 
Transmission Numors: Te:  #362671/ #362669;  ROI:  62   67  124  139 
Transmissions Thickness Correction is:  on 
Applying standard SANS data reduction:  I_corr = 1/[Ts Te] [I_s - I_cd]  - 1/[Te] [I_bck - I_cd] 
  
***** Calibrations: ***** 
Data: Corrected for D22 Detector Parallax 
Data: Corrected for Detector Efficiency 
Data: Corrected for Relative Detector Efficiency (variation between detector panels) 
Data: Divided by Volume 
Sample Thickness is: 0.2 [cm] 
Solid Angle Correction: 
Divide data by Empty Beam Flux, I0, from worksheet: I0 Beam Intensity 1 2 
I0 Numor #362634   ROI: 56   73  112  150    1 
Applying Default Instrument Mask 
Applying User Defined Mask 
Applying NanInf Mask 
Intensity units are:  cm-1 \\ \Delta\Omega  
  
***** Instrument Setup Parameters ***** 
Sample-Det(detcalc)1 Dist (m): 17.592 
Sample-Det(detcalc)2 Dist (m): 1.411 
Collimation (m): 17.6 
Wavelength: 6, Delta Wav: 0.105 
SAN: 0 (degrees) 
PHI: 0 (degrees) 
Sample Temperature: 312.15 
Total Det Counts: 3919060 
Total Monitor Counts: 15844063 
  
***** Analysis: I vs Q ***** 
Merge IQ: Single file 
Numor: 362692      Det1: 17.604     PSS 67K 70mM Ca 
Averaging I vs. Q.  Bin size:  5 [Fractional Resolution]  linear 
 
 
***** Data ***** 
Mod_Q	I	Err_I	Sigma_Q	
 
 
0.00276964	0.582335	0.084133	0.000693756
0.00319317	0.40395	0.0450918	0.000697069
0.00356797	0.398927	0.0321913	0.000700403
0.00393339	0.375519	0.0240094	0.000706145
0.00429371	0.386343	0.02063	0.000709922
0.0046713	0.350307	0.0167283	0.000714343
0.00508315	0.355551	0.0133942	0.000719506
0.00548164	0.342751	0.0122743	0.000724851
0.00585719	0.335189	0.011044	0.000730169
0.00623749	0.329928	0.00991225	0.000735995
0.00662589	0.328542	0.0090283	0.00074221
0.00703069	0.329587	0.00813172	0.000748993
0.0074403	0.322422	0.00756005	0.000756187
0.00784795	0.325246	0.0071823	0.000763767
0.00825431	0.324935	0.00679564	0.000771621
0.00865323	0.32784	0.00652373	0.000779608
0.00903426	0.316231	0.00635338	0.000787457
0.00944338	0.31731	0.00591595	0.000796245
0.00987128	0.308643	0.00568404	0.000805743
0.0102995	0.310337	0.00537179	0.000815545
0.0107332	0.315721	0.00520753	0.000827797
0.0111643	0.323363	0.00498388	0.000838211
0.0116028	0.304305	0.00485275	0.000849083
0.0120455	0.316251	0.0047904	0.000860334
0.0124938	0.318107	0.00449207	0.000872001
0.0129479	0.30665	0.00443826	0.000884091
0.0133992	0.314151	0.00427065	0.000896362
0.0138549	0.314407	0.00419926	0.000909001
0.0143179	0.311514	0.0041031	0.000922092
0.0147891	0.309202	0.00387198	0.000937651
0.0152647	0.307907	0.00380334	0.000951545
0.015749	0.310533	0.00370751	0.00096592
0.0162385	0.31206	0.00367597	0.000980668
0.0167364	0.306225	0.00351938	0.000995968
0.017241	0.315501	0.00357219	0.00101168
0.0177478	0.308483	0.0033072	0.00102765
0.018262	0.306883	0.00328839	0.00104403
0.0187847	0.306311	0.0032146	0.00106291
0.019319	0.310929	0.00315642	0.00108036
0.0198548	0.301681	0.0030985	0.00109803
0.0203934	0.306428	0.00298058	0.00111606
0.0209601	0.305385	0.00290937	0.00113515
0.0215264	0.306002	0.00284485	0.0011545
0.0220948	0.304381	0.00280788	0.00117593
0.022679	0.30541	0.00276957	0.00119623
0.0232642	0.299668	0.00268466	0.00121576
0.0238599	0.303649	0.00260716	0.00123766
0.0244745	0.303974	0.0025653	0.00125892
0.0250861	0.299918	0.002537	0.00128155
0.0257166	0.299908	0.00245582	0.00130534
0.0263623	0.299518	0.00242694	0.00132823
0.0270071	0.295538	0.00239323	0.00135264
0.0276618	0.295871	0.00230005	0.00137755
0.0283417	0.296561	0.0023385	0.00140362
0.0290218	0.292373	0.00236578	0.00142978
0.0297148	0.292712	0.00242788	0.00145673
0.0304108	0.288871	0.00249292	0.00148215
0.0311299	0.290326	0.00260894	0.00151035
0.0318627	0.289846	0.00291792	0.0015384
0.0326039	0.288854	0.00301025	0.00156763
0.0333628	0.283558	0.0031636	0.00159535
0.0341332	0.277591	0.00340423	0.00162587
0.034906	0.2825	0.00358522	0.00165658
0.0357045	0.279472	0.00377753	0.00168736
0.0365259	0.275095	0.00408402	0.00171992
0.0373531	0.272312	0.00451223	0.00175321
0.038189	0.272426	0.00511691	0.00178579
0.0390343	0.257982	0.00616179	0.00182735
0.0398645	0.255581	0.0071892	0.00186851
0.0407129	0.249759	0.00998202	0.00190154
0.041518	0.231447	0.0189652	0.00201883
0.0427614	0.258616	0.00284415	0.00298027
0.0445905	0.252213	0.0016079	0.00303758
0.0459952	0.248225	0.00180844	0.00307024
0.0476335	0.244045	0.00212725	0.00312554
0.0493783	0.239157	0.00166245	0.00317377
0.0506074	0.236151	0.00140613	0.00321375
0.0522348	0.232629	0.00176182	0.00326212
0.0537584	0.228249	0.00172069	0.00331159
0.0553108	0.223565	0.00116428	0.00336383
0.0569845	0.221653	0.00135638	0.00341782
0.0586564	0.215147	0.00148552	0.00345435
0.0604789	0.2127	0.00100635	0.00351497
0.0623047	0.207232	0.00116272	0.00357664
0.0640844	0.204995	0.00129281	0.00363452
0.0658453	0.199991	0.000909024	0.00370804
0.0676183	0.19654	0.001126	0.003759
0.0693939	0.192256	0.00107493	0.00381787
0.0712944	0.19035	0.000806387	0.00388133
0.073375	0.184555	0.000938805	0.00395228
0.0754296	0.1807	0.00089839	0.00403746
0.0770474	0.179409	0.000819585	0.00408861
0.0790435	0.175216	0.000860059	0.0041563
0.081228	0.171118	0.000728134	0.00423843
0.0831754	0.169372	0.000765129	0.00430217
0.0852923	0.167444	0.000808718	0.00437465
0.0872194	0.16383	0.000666436	0.00445708
0.0894483	0.160194	0.000695195	0.00453089
0.091854	0.156706	0.000626909	0.00463308
0.094001	0.154724	0.000636367	0.00470634
0.0964354	0.151372	0.00063417	0.00479188
0.0984297	0.148528	0.000601248	0.00487592
0.100713	0.147703	0.000626819	0.00495434
0.103137	0.144735	0.000519653	0.00505458
0.105608	0.142296	0.000566751	0.00513983
0.108144	0.140734	0.000513189	0.00525017
0.11056	0.138169	0.000528513	0.00534132
0.113318	0.13505	0.000465739	0.00543944
0.115768	0.133983	0.00051868	0.00554187
0.11851	0.131972	0.000450508	0.00564288
0.121114	0.129448	0.000462547	0.00575036
0.124002	0.126853	0.00042989	0.00587306
0.12666	0.124845	0.000437385	0.00596702
0.129597	0.12284	0.000409759	0.00609015
0.132396	0.121499	0.000406996	0.00619358
0.135374	0.120197	0.000391801	0.00631931
0.138292	0.118069	0.000388032	0.00644234
0.141359	0.116585	0.000362508	0.00655557
0.144572	0.115483	0.000366054	0.00668929
0.147656	0.113114	0.000341392	0.00682198
0.151058	0.11215	0.000341306	0.00694812
0.15418	0.109732	0.000340614	0.00708242
0.157587	0.109519	0.000312866	0.00722696
0.161103	0.108011	0.000320134	0.00737616
0.164392	0.106379	0.000307907	0.00749787
0.168042	0.104578	0.000291642	0.0076539
0.171653	0.103629	0.000296512	0.00780842
0.175152	0.102099	0.000281673	0.00795651
0.179057	0.100594	0.000268226	0.00810834
0.182961	0.0995034	0.0002665	0.00827133
0.186704	0.0981267	0.000264062	0.00843332
0.190737	0.0967753	0.000248243	0.00860513
0.194864	0.0959517	0.000246277	0.00876273
0.198889	0.0946088	0.000244847	0.00893681
0.203063	0.0934615	0.000229092	0.00911463
0.207495	0.0921457	0.000225542	0.00928835
0.21192	0.0911198	0.000220892	0.00946204
0.216351	0.0906803	0.000218201	0.00964709
0.220695	0.0892367	0.000216075	0.00983517
0.225263	0.0881896	0.000202503	0.0100314
0.230085	0.086728	0.000197999	0.010234
0.234958	0.0859518	0.000193604	0.0104273
0.239889	0.0846987	0.000189437	0.0106404
0.244882	0.083698	0.000185197	0.0108536
0.249997	0.0827442	0.000178467	0.0110719
0.255209	0.0815814	0.000175679	0.0112977
0.260493	0.0812299	0.000170808	0.0115079
0.26588	0.0802277	0.00016734	0.011735
0.271386	0.0792491	0.000161949	0.0119735
0.277023	0.0781648	0.000158442	0.0122166
0.282756	0.0773575	0.000154393	0.0124606
0.288619	0.0765362	0.000150444	0.0127093
0.294579	0.0754419	0.000148133	0.0129513
0.300661	0.0745796	0.000142603	0.0132143
0.306874	0.0737487	0.000141344	0.0134818
0.313182	0.073127	0.000140157	0.013749
0.319552	0.072316	0.000139674	0.0140258
0.326056	0.0715083	0.000136763	0.0143079
0.332834	0.0707551	0.000135338	0.0146017
0.339748	0.0700771	0.000135007	0.0149
0.346741	0.0692029	0.000135307	0.015179
0.353789	0.0686168	0.000135033	0.0154848
0.361085	0.0680807	0.00013151	0.0158009
0.368507	0.06753	0.000132285	0.0161214
0.375979	0.0667917	0.000131783	0.016442
0.383722	0.0663706	0.00012778	0.0167754
0.391593	0.0657572	0.000128844	0.0171109
0.399607	0.0652903	0.000127139	0.017459
0.407751	0.0646764	0.000125241	0.0178125
0.416127	0.0642683	0.000125097	0.018158
0.424583	0.0637209	0.000123082	0.0185236
0.433355	0.0635755	0.000121973	0.0189014
0.442099	0.0630842	0.000122368	0.0192734
0.451148	0.0629324	0.000118659	0.0196661
0.460406	0.0625667	0.00011876	0.0200675
0.469661	0.0624372	0.000118144	0.0204686
0.479265	0.0620886	0.000115417	0.0208844
0.489121	0.0617378	0.000115146	0.0213104
0.499104	0.0614064	0.000114045	0.0217408
0.509246	0.0612479	0.000113791	0.0221559
0.519485	0.061084	0.000113368	0.0225989
0.529908	0.0609704	0.000111875	0.0230503
0.540735	0.0608419	0.000109666	0.0235185
0.551873	0.0605792	0.000108358	0.0239982
0.562947	0.0603864	0.000111185	0.0244774
0.574336	0.0602682	0.000133467	0.0249691
0.586022	0.0601459	0.000154219	0.0254725
0.597827	0.0605014	0.000179896	0.0259757
0.60983	0.0609714	0.000217468	0.0264959
0.621833	0.0607764	0.00029793	0.0270005
0.633028	0.0604569	0.000582632	0.0274852
