GRASP_Subdivisions V.11.05c    Instrument:  ILL_d22_2D_2026 
  
***** Sample, Backgrounds and Transmissions Data: ***** 
Subtitle:  PSS 67K D2O 
Start: 28-Jul-26  00:26:33   End: 28-Jul-26  00:52:24 
  
Foreground:  362051 , Loaded: 362051:362057,362080,362083{3} 
Background:  362079 , Loaded: 362079 
Blocked Beam:  361976 , Loaded: 361976 
  
Beam Centre1 [x, y]:  [64.7, 131]  :  Cm Translation:  [-0.06, 0] [mm]  :  ROI: [1  128    1  256]  :  Numor #361634 
Beam Centre2 [x, y]:  [47, 125]  :  Cm Translation:  [8.43, 0] [mm]  :  ROI: [1   96    1  256]  :  Numor #0 
Transmissions:  Ts = 0.83078 +/- 0.0012868  Te = 0.94895 +/- 0.0022974 
Transmission Numors: Ts:  #362051/ #362079;  ROI:  62   67  124  139 
Transmission Numors: Te:  #362079/ #361975;  ROI:  62   67  124  139 
Transmissions Thickness Correction is:  on 
Applying standard SANS data reduction:  I_corr = 1/[Ts Te] [I_s - I_cd]  - 1/[Te] [I_bck - I_cd] 
  
***** Calibrations: ***** 
Data: Corrected for D22 Detector Parallax 
Data: Corrected for Detector Efficiency 
Data: Corrected for Relative Detector Efficiency (variation between detector panels) 
Data: Divided by Volume 
Sample Thickness is: 0.2 [cm] 
Solid Angle Correction: 
Divide data by Empty Beam Flux, I0, from worksheet: I0 Beam Intensity 4 2 
I0 Numor #361309   ROI: 1  128    1  256    1 
Applying Default Instrument Mask 
Applying User Defined Mask 
Applying NanInf Mask 
Intensity units are:  cm-1 \\ \Delta\Omega  
  
***** Instrument Setup Parameters ***** 
Sample-Det(detcalc)1 Dist (m): 17.593 
Sample-Det(detcalc)2 Dist (m): 1.408 
Collimation (m): 17.6 
Wavelength: 6, Delta Wav: 0.105 
SAN: 0 (degrees) 
PHI: 0 (degrees) 
Sample Temperature: 328.15 
Total Det Counts: 1040687 
Total Monitor Counts: 3247300 
  
***** Analysis: I vs Q ***** 
Merge IQ: Single file 
Numor: 362051      Det1: 17.604     PSS 67K D2O 
Averaging I vs. Q.  Bin size:  5 [Fractional Resolution]  linear 
 
 
***** Data ***** 
Mod_Q	I	Err_I	Sigma_Q	
 
 
0.00264865	-0.0165007	0.17015	0.000739282
0.00313229	0.235763	0.0845437	0.00074643
0.00354542	0.157195	0.0429385	0.000752286
0.00401069	0.0336217	0.0293791	0.000756663
0.00446968	0.102692	0.0223913	0.000761361
0.00488533	0.0955019	0.0207407	0.000761143
0.00530743	0.0792154	0.0155177	0.000771115
0.0057434	0.0984967	0.0141636	0.000773982
0.00619643	0.0772792	0.0110452	0.000786007
0.00669203	0.097335	0.0100787	0.000790729
0.00719461	0.0943149	0.00881088	0.000801591
0.00769669	0.083688	0.00834295	0.000807032
0.00818169	0.0844612	0.0078426	0.000815972
0.00868105	0.0878552	0.0063766	0.000827878
0.00917403	0.0872802	0.0066976	0.000834987
0.00961906	0.085001	0.00714924	0.00084183
0.0100978	0.0960347	0.00614619	0.000856887
0.0105765	0.0838155	0.0062739	0.000862573
0.0110119	0.0749867	0.00595666	0.00087243
0.0114749	0.0866821	0.00538527	0.000885722
0.0119434	0.0842476	0.00547688	0.000896841
0.0124049	0.0882556	0.00490166	0.000908327
0.0129059	0.076308	0.00504791	0.000923713
0.0134228	0.0896878	0.00473912	0.000936885
0.013949	0.0837889	0.00425631	0.000950899
0.0144572	0.0890529	0.00490221	0.000962513
0.0149535	0.0861105	0.00449796	0.000978538
0.0154695	0.0899406	0.00433879	0.000993299
0.0159757	0.0836364	0.00434902	0.00100788
0.0164754	0.0888028	0.00417513	0.00102026
0.0169829	0.0878629	0.00415795	0.0010376
0.0175391	0.08883	0.00375603	0.00105675
0.018093	0.0841554	0.00408759	0.00107159
0.0186567	0.0893113	0.00350755	0.00109148
0.0192327	0.0835535	0.00364929	0.00110723
0.0197754	0.0807198	0.00355197	0.00112483
0.0203216	0.0851143	0.0037921	0.00114255
0.0208929	0.0872656	0.00358058	0.00116335
0.0215166	0.0885431	0.00308984	0.00118651
0.022164	0.0855075	0.00316106	0.00120832
0.0227928	0.0888017	0.00297379	0.00122942
0.0234378	0.0878446	0.00294091	0.00125397
0.0240812	0.0877075	0.00309274	0.00127387
0.0247269	0.0902816	0.00288286	0.00129868
0.0253901	0.0859728	0.00293608	0.00131953
0.0260513	0.089584	0.00285799	0.00134544
0.0267314	0.0919319	0.00274867	0.00136989
0.0274363	0.0895089	0.00260972	0.00139639
0.0281352	0.0924891	0.00268324	0.0014204
0.0288403	0.0867017	0.00271329	0.00144967
0.0295881	0.091094	0.00268838	0.00147836
0.0303145	0.0897222	0.00302028	0.00150241
0.0310251	0.0911598	0.00310661	0.00152986
0.0317657	0.092185	0.00333316	0.00155861
0.0325274	0.0928645	0.00360252	0.00158832
0.0332962	0.0897422	0.00386848	0.00161851
0.0340862	0.0913973	0.00393579	0.0016497
0.0348895	0.0940267	0.00448235	0.00168154
0.035696	0.0910535	0.00469348	0.00171068
0.0365135	0.0921393	0.00507709	0.00174496
0.0373601	0.0956219	0.00583853	0.00177581
0.0382274	0.103318	0.00570887	0.0018107
0.0390999	0.10281	0.0060886	0.00184743
0.0399445	0.108007	0.00937038	0.00188351
0.0407929	0.109897	0.011221	0.00192029
0.0416309	0.11141	0.020397	0.00202553
0.0429386	0.101168	0.00289993	0.00239636
0.0447737	0.101046	0.00179255	0.00246185
0.0459051	0.101078	0.00207326	0.00249998
0.0474476	0.103119	0.00209866	0.00254873
0.0492482	0.103691	0.00209903	0.00260945
0.0506059	0.109113	0.00143727	0.00266199
0.0523742	0.112456	0.00190589	0.00272882
0.0540242	0.11729	0.00203251	0.00279458
0.0556821	0.118485	0.00129796	0.00286034
0.057553	0.123968	0.0016508	0.00291518
0.0591684	0.124966	0.00206439	0.00297784
0.0606974	0.130327	0.00131876	0.00303605
0.0623631	0.131949	0.00156632	0.00310046
0.0641954	0.142619	0.00162729	0.00317272
0.0660319	0.141926	0.00130255	0.00326033
0.0677768	0.149526	0.00149382	0.00332139
0.0696168	0.152822	0.00161998	0.00339319
0.071462	0.158752	0.00122402	0.00346491
0.0733615	0.162955	0.00145409	0.0035392
0.07549	0.166298	0.00135949	0.00364002
0.0773622	0.171224	0.0011909	0.00371274
0.0795342	0.173401	0.00138751	0.00379965
0.0815966	0.178462	0.00125788	0.00389003
0.0833916	0.178692	0.00126136	0.00395873
0.085569	0.179016	0.00128884	0.00404582
0.0876856	0.177908	0.00107113	0.00414594
0.0899629	0.178603	0.00122073	0.00423783
0.09225	0.175622	0.00109373	0.00434641
0.09428	0.173236	0.00110844	0.00442657
0.0967398	0.169989	0.00106706	0.00452762
0.0988479	0.165975	0.000985393	0.00462795
0.101313	0.163977	0.00103268	0.00472976
0.103672	0.16086	0.00090535	0.00484262
0.106171	0.155934	0.000943925	0.00494649
0.108766	0.151022	0.000832232	0.00507121
0.111201	0.147681	0.000910404	0.00517953
0.11381	0.143841	0.00079925	0.00528952
0.116343	0.138837	0.00080177	0.00541222
0.119077	0.135966	0.000774154	0.00552935
0.121568	0.133026	0.000763476	0.00565096
0.124505	0.129856	0.000682126	0.00579496
0.127275	0.125333	0.000711918	0.0059153
0.130209	0.122823	0.000645496	0.00606008
0.133032	0.120458	0.000679251	0.0061847
0.135993	0.116866	0.000602541	0.00633234
0.139022	0.114861	0.000639293	0.00648383
0.142017	0.112742	0.000565867	0.00661885
0.145362	0.111559	0.000576266	0.00678756
0.148362	0.109398	0.000567987	0.00694008
0.151746	0.10719	0.000523441	0.00709822
0.15499	0.105928	0.000543599	0.00726483
0.158344	0.104873	0.000501664	0.00743804
0.161934	0.103283	0.000490182	0.0076251
0.165257	0.100384	0.00050445	0.00778513
0.168864	0.0999056	0.000452563	0.00797565
0.172595	0.0978061	0.000464971	0.00817362
0.176153	0.0972298	0.000441712	0.00835005
0.180049	0.0960891	0.000427295	0.00855939
0.183971	0.0939186	0.000419202	0.00877204
0.187737	0.0932452	0.000421482	0.00897808
0.191735	0.0920676	0.000388605	0.00918297
0.19592	0.0903858	0.000387404	0.00941379
0.200094	0.0897908	0.000376546	0.00964896
0.20418	0.0882096	0.000376747	0.00988201
0.208482	0.0871609	0.000351292	0.0101167
0.213008	0.085566	0.000345495	0.0103665
0.217504	0.0855125	0.000342467	0.0106267
0.222041	0.0836331	0.000329153	0.0108914
0.226599	0.0831241	0.000328603	0.0111606
0.231356	0.0817829	0.000308388	0.0114452
0.236287	0.0807955	0.000304273	0.0117331
0.241255	0.0799742	0.000296748	0.012039
0.246271	0.0790342	0.000290679	0.0123502
0.251405	0.0773706	0.000280415	0.0126676
0.256648	0.077008	0.000275529	0.0129903
0.262002	0.0756756	0.000266551	0.0133158
0.267451	0.0749091	0.000262876	0.0136644
0.272962	0.0739193	0.000255667	0.014022
0.278637	0.073108	0.000246195	0.0143961
0.284377	0.0721853	0.000244924	0.0147789
0.290254	0.0712726	0.00023293	0.0151746
0.296299	0.0709272	0.000231375	0.0155843
0.302361	0.07006	0.00022542	0.016009
0.308577	0.0688644	0.000221557	0.0164447
0.314899	0.0682961	0.000221608	0.016886
0.321287	0.0674311	0.000217806	0.0173382
0.327935	0.0669137	0.000211027	0.017818
0.334785	0.066068	0.00021334	0.0183225
0.341695	0.0653603	0.000212466	0.018837
0.348669	0.0646509	0.000215194	0.0193576
0.355746	0.0640757	0.000210856	0.0199007
0.363078	0.0634299	0.000205514	0.0204741
0.370539	0.0628415	0.000208944	0.0210695
0.378109	0.0623683	0.000204863	0.0216741
0.385888	0.0617866	0.000200525	0.0222909
0.393799	0.0613545	0.000202807	0.0229364
0.40189	0.0611448	0.000196748	0.0236186
0.410079	0.0605337	0.000200334	0.024324
0.418466	0.0599578	0.000192723	0.0250435
0.427013	0.0593719	0.000195271	0.0257752
0.435774	0.0590982	0.000188968	0.026529
0.444676	0.0585034	0.000191186	0.0273087
0.453659	0.0579877	0.000185457	0.0281102
0.463042	0.0578167	0.000183902	0.0289637
0.472468	0.0572886	0.000183675	0.0298383
0.481925	0.0571994	0.000182391	0.0307338
0.491775	0.0569715	0.00017722	0.0316864
0.501928	0.0567494	0.000176684	0.0326837
0.512191	0.0561287	0.000175682	0.0336475
0.522633	0.0561435	0.000173747	0.0346447
0.533283	0.0556935	0.000172643	0.0356826
0.544106	0.0553198	0.00017116	0.0367556
0.555153	0.0551201	0.000169006	0.0378701
0.566077	0.0549851	0.000177048	0.0389844
0.577608	0.0550893	0.000210472	0.0401466
0.589366	0.0544759	0.000242957	0.0413609
0.601283	0.0548935	0.000285368	0.0426642
0.613333	0.0548011	0.00035051	0.0440098
0.625255	0.0555622	0.000501848	0.0453384
0.636162	0.0548651	0.00111995	0.0465266
